data <- c(0.9135,1.7965,0.5052,1.0776,0.7507,0.3114,0.834,0.2864,0.7088,
          1.0913,0.7971,0.3773,0.2546,0.2869,0.2759,1.0178,0.499,1.1363,
          0.5234,0.8101,1.3569,0.7134,0.1737,0.5188,0.7152,0.4638,0.7805,
          1.4817,1.0456,1.1129,0.2786,0.5022,0.6373,0.9177,0.5706,0.2636,
          0.69,0.3312,0.3708,0.2604,0.9143,0.72,0.799,0.8315,0.3099,0.4921,
          0.5891,0.2542,1.0999,0.7069)

